# 1 minute of cache-living data
CACHE_EXPIRATION=60000

# 34 = Technology
CATEGORIES=34

LAT=-34.578175
LON=-58.426516
MEETUP_API_KEY=1234567890

# Miles
RADIUS=10
